437 168     185 185
721 168     185 185
437 408     185 185
721 408     185 185
12  874     185 185
555 874     185 185
1087    874    185 185
13  1163     185 185
552 1163    185 185
1086    1163   185 185

337 38      190 190
578 38      190 190
819 38      190 190
338 277     190 190
578 276     190 190
814 275     190 190
338 511     190 190
576 512     190 190
814 512     190 190
16  860     190 190
369 858     190 190
716 858     190 190
1066    858     190 190
14  1152        190 190
367 1153        190 190
715 1154        190 190
1066    1153    190 190

